-DEJ_SIGMAALPHA=0.02268928 -DVK_SIGMAALPHA=0.02268928
-DEJ_SIGMAALPHA=0.02268928 -DVK_SIGMAALPHA=0.20943951
-DEJ_SIGMAALPHA=0.20943951 -DVK_SIGMAALPHA=0.20943951